# Blender 3.4.1
# www.blender.org
mtllib model.mtl
o Cube
v 0.498875 -0.447113 -0.112024
v 0.497755 -0.440482 0.110867
v 0.491906 0.450702 -0.138773
v 0.490786 0.457335 0.084118
v 0.322104 -0.448511 -0.112871
v 0.320983 -0.441879 0.110020
v 0.315134 0.449306 -0.139620
v 0.314014 0.455937 0.083271
vn 0.0050 -0.0297 -0.9995
vn -0.0078 0.9995 -0.0298
vn -1.0000 -0.0079 -0.0048
vn -0.0050 0.0297 0.9995
vn 1.0000 0.0079 0.0048
vn 0.0078 -0.9995 0.0298
vt 0.625000 0.500000
vt 0.375000 0.500000
vt 0.625000 0.750000
vt 0.375000 0.750000
vt 0.875000 0.500000
vt 0.625000 0.250000
vt 0.125000 0.500000
vt 0.375000 0.250000
vt 0.875000 0.750000
vt 0.625000 1.000000
vt 0.625000 0.000000
vt 0.375000 1.000000
vt 0.375000 0.000000
vt 0.125000 0.750000
s 0
usemtl Material.001
f 1/1/1 5/5/1 7/9/1 3/3/1
f 4/4/2 3/3/2 7/10/2 8/12/2
f 8/13/3 7/11/3 5/6/3 6/8/3
f 6/7/4 2/2/4 4/4/4 8/14/4
f 2/2/5 1/1/5 3/3/5 4/4/5
f 6/8/6 5/6/6 1/1/6 2/2/6
o Cube.001
v 0.499897 -0.319648 -0.119244
v 0.498654 -0.315341 0.097748
v -0.132619 0.267717 -0.134524
v -0.133862 0.272024 0.082468
v 0.384776 -0.443571 -0.117444
v 0.383533 -0.439265 0.099548
v -0.247740 0.143793 -0.132724
v -0.248982 0.148100 0.084268
vn 0.0057 -0.0198 -0.9998
vn -0.7327 0.6804 -0.0177
vn -0.6806 -0.7326 0.0106
vn -0.0057 0.0198 0.9998
vn 0.6806 0.7326 -0.0106
vn 0.7327 -0.6804 0.0177
vt 0.625000 0.500000
vt 0.375000 0.500000
vt 0.625000 0.750000
vt 0.375000 0.750000
vt 0.875000 0.500000
vt 0.625000 0.250000
vt 0.125000 0.500000
vt 0.375000 0.250000
vt 0.875000 0.750000
vt 0.625000 1.000000
vt 0.625000 0.000000
vt 0.375000 1.000000
vt 0.375000 0.000000
vt 0.125000 0.750000
s 0
usemtl Material.002
f 9/15/7 13/19/7 15/23/7 11/17/7
f 12/18/8 11/17/8 15/24/8 16/26/8
f 16/27/9 15/25/9 13/20/9 14/22/9
f 14/21/10 10/16/10 12/18/10 16/28/10
f 10/16/11 9/15/11 11/17/11 12/18/11
f 14/22/12 13/20/12 9/15/12 10/16/12
o Cube.002
v 0.486913 -0.289725 -0.101411
v 0.485670 -0.285418 0.115581
v -0.449248 -0.280552 -0.106954
v -0.450491 -0.276246 0.110038
v 0.485417 -0.440625 -0.098425
v 0.484174 -0.436318 0.118567
v -0.450744 -0.431452 -0.103968
v -0.451987 -0.427146 0.113024
vn 0.0057 -0.0198 -0.9998
vn -0.9999 0.0098 -0.0059
vn -0.0099 -0.9998 0.0198
vn -0.0057 0.0198 0.9998
vn 0.0099 0.9998 -0.0198
vn 0.9999 -0.0098 0.0059
vt 0.625000 0.500000
vt 0.375000 0.500000
vt 0.625000 0.750000
vt 0.375000 0.750000
vt 0.875000 0.500000
vt 0.625000 0.250000
vt 0.125000 0.500000
vt 0.375000 0.250000
vt 0.875000 0.750000
vt 0.625000 1.000000
vt 0.625000 0.000000
vt 0.375000 1.000000
vt 0.375000 0.000000
vt 0.125000 0.750000
s 0
usemtl Material.003
f 17/29/13 21/33/13 23/37/13 19/31/13
f 20/32/14 19/31/14 23/38/14 24/40/14
f 24/41/15 23/39/15 21/34/15 22/36/15
f 22/35/16 18/30/16 20/32/16 24/42/16
f 18/30/17 17/29/17 19/31/17 20/32/17
f 22/36/18 21/34/18 17/29/18 18/30/18
